12
572085931 667578536
964406504 667578536
656852339 870264627
110654368 823223484
513786208 528178006
620147001 528178006
227047539 667578536
656852339 528178006
945298921 528178006
945298921 870264627
840030425 870264627
828839382 528178006

7350


12
636437309 704270751
695056713 700147825
636437309 356396548
921201220 589666013
430411607 671693685
324259336 671693685
723442153 589666013
528904109 419799944
921201220 356396548
723442153 856537355
691516566 726853849
941903572 634527403

2835
